2 -100 0
10
10000000
9999999
9999998
9999997
9999996
0
1
2
3
4
1488105
634735
2556350
3588547
2596213
5165394
1902608
8577789
1671086
7910193
2954788
1048488
9491956
7490118
2225503
7521237
6274895
8660800
9597420
3282201
1470251
2692214
7251420
3472358
9634484
9142894
2866865
4296071
3033837
9794084
326
7937550
2369623
2949229
9306457
5464364
7778096
4463123
7786218
2137835
4441628
2242482
1174189
7541054
6263048
9104042
6114100
7914517
8128081
6945698
8162093
5428786
5388531
9611321
6111272
508065
4541573
2819352
4210429
12283
1686427
6668963
9955916
772088
3031961
4659847
4319101
7590618
7560888
2651398
9572269
520609
4147806
6985588
3921502
6295829
9985116
2772829
96064
4957360
5573246
8896863
4058420
8718943
9888318
5409893
7884251
6820452
4450322
2354573
9172238
5834303
1004699
7015528
6719630
8331480
8110968
7559548
1214157
5123790
69479
3408860
3729545
8412662
8032256
4225387
8729591
4111176
2468755
1134696
4461773
6960425
5808414
544526
3625874
1708002
7026357
2663833
5969569
2155226
4058716
7612303
197448
1044711
3063371
2031814
87419
8805071
4279807
4022852
6523550
3800084
674949
9251021
2451040
3799497
5074153
4418524
8072034
1660230
368573
5784422
4038157
4778428
9328580
3945200
8440003
2451820
202420
3595860
4973451
2366239
1198476
3601182
9777214
8095666
220642
3691380
4804119
8173847
5866765
613612
2835904
2424468
8551414
8985277
9902978
7588957
8129504
4396495
6275567
7466047
8624169
4238785
6209940
732886
4213773
6030869
5510117
7157525
9257580
8325474
2042577
5813840
327718
5411823
1767699
6552795
9970183
5867396
8542419
6602099
7671286
6453215
8400194
1909349
7461392
1362585
9972577
312758
287087
9447814
1085798
9704985
9436644
217956
9421066
8282081
8712703
6731964
4046491
2188205
3118385
2118901
4717751
5324981
6293
6585599
236264
2120189
1185755
5208093
2520112
4500486
6840844
1848235
6775636
2293766
7923704
8184536
8302549
7165682
8281703
9526633
5115549
6690384
9335197
49413
9674435
5358881
7814742
6868715
1888095
395778
6581596
7126576
2696292
108330
8169755
6188519
8560513
7965969
3187490
1520066
7298246
1536597
1665781
8605294
7103469
8980787
6683581
8115505
5787048
415169
6905236
8765748
9072144
1907949
4719716
8298282
5400676
6055259
559242
2233567
658041
6108626
1819367
1168101
9263245
1023427
8017105
1245115
8302271
7104011
8391690
2407980
6589316
3792630
4417521
7826571
7323181
8230513
4692531
2325838
7769839
9822490
1518720
3291904
75832
8903241
8968351
6280546
2069058
4235252
3288129
896255
4195578
1365824
6282075
4382650
3559879
7767474
2739782
778354
165757
5051469
7078488
5293499
9573559
6433121
5645569
7660592
1183142
4804852
1479553
4326081
3151842
3418246
1622699
1095925
750026
388966
9269480
9619197
3103980
7269086
480982
1685011
9619347
6141105
5111548
2425660
4818527
8123402
1513914
5739019
2052254
2226240
4089758
944372
3391776
8863566
5375943
9910964
9468524
6016914
2833489
7808042
7838524
3709975
6591316
8093821
1317380
8511397
8954935
5969209
2060303
8678753
126077
6489516
5526231
2058580
4167364
5874456
7980681
3130670
2519097
501227
656619
9645786
365830
8529196
9460576
5418991
2424921
59647
9533434
2875558
7955867
7671786
3460382
1760490
6044594
4042187
8954072
5620297
5125279
5194624
7276344
4418621
7436694
2638930
8679343
7384525
3878972
4058128
9963109
1250270
7993546
635490
512061
7166464
9194662
456312
6528061
5256362
3067538
9193329
1418005
5879054
8647079
6828638
8505772
8626937
4605950
4960956
4940571
4791386
4501084
3423556
2975826
2734194
4649217
8328333
5777136
3383778
62813
7291105
3523973
7435403
9345
6776244
5385616
4128069
2290397
4244243
2853949
6355727
1498644
881166
8927163
5590705
1238791
9707628
8341553
6312156
5456694
660795
4121956
1558939
6402395
4841514
2215411
2343566
1865033
8646676
8521923
4109369
8536494
2423298
2972242
9172292
8750001
201840
991048
9742094
7965622
4864899
4441621
542044
1580004
3308404
340405
3937385
107337
7357168
9682490
717831
4727400
1621193
1511299
8257281
1962911
7199241
7110420
7714562
5519711
4889939
9397305
7129301
42523
3907625
538021
1087071
2387602
8244332
1040384
4265656
3466727
4754616
7200074
5470359
6882542
6844357
5768669
2244657
4315321
1215220
5209429
7388777
2201173
1079339
6336242
7664303
1544310
2475901
1047961
9535175
6312162
1467645
1610650
7477405
7523834
5701200
1408733
6951167
7322200
2473934
3751614
4801307
4790692
8618709
5352894
447251
1114673
9844378
1320151
713727
2993799
2990822
4207192
2629289
5270047
6824096
5742795
7861398
9397825
8564965
8639898
7744895
9062877
5356079
7994027
410200
3557093
7295078
1900691
6486418
5012359
5497336
7570780
7969029
5500639
4572541
1984419
9146365
142268
305800
9163118
6431662
5989563
4025197
672876
442918
7273126
6325888
6527734
7013159
789990
7727734
6262540
5484754
7167049
8237618
7698424
7026914
9599324
9686778
8953357
3485
8378327
2890590
7062887
1820216
6531798
2523618
7689478
1821640
5649908
8895376
6080023
3814826
8783831
6249967
4146748
5830532
6098853
9508441
1380294
4450235
5909121
7565217
9470357
3397920
1465411
8954482
5399098
6447808
6364135
1349637
2571634
7331156
4025359
6662361
8975217
9192734
3017416
6438226
8116934
7926172
7732594
1686053
4298473
4132299
6798367
3487470
7655784
4741215
1307791
7095495
9532783
2256664
2869973
2192796
1613944
8974589
4582555
4591899
8455694
1382495
4148992
9862626
8782370
5339312
3862658
4710130
3234836
5823669
3689619
6649273
9086074
4288605
1821736
2287081
5646691
9667867
3348710
8902578
9916251
5544930
3666278
13667
5605036
5353654
1662696
6846362
9417966
806371
1341414
9271069
7861404
1174422
7906103
6025665
8493903
9666421
8139492
6194860
4846550
6193816
3731062
8418467
101563
1162531
7692623
9070924
3606292
4860543
5399607
8299512
8653506
6775626
320012
1269623
5165336
7357547
2856952
7140691
3134163
8045472
3772401
4270357
8469704
8417784
6823775
1742344
9289344
9220399
1491446
3751055
9535267
4510464
5371552
4603224
3009147
6939586
4956266
4050101
7765049
5750700
4540940
9898958
4423721
9180260
839657
5732722
3990330
7380283
8886091
9349881
181216
1998460
2009265
9772861
4684684
3789105
3846090
1615706
8634410
5312483
3364665
7751352
6989008
7394913
5091686
2655670
9417990
5080219
6281266
9328906
1798134
9907762
2149755
6048063
6205839
6716446
7078788
8510793
4770921
2387543
1787744
7348330
1496536
3632093
3798998
8284239
8057623
7669542
4816706
1170502
5969066
8476800
6098194
3142051
6417849
4727320
4067728
11539
3585908
132174
5778774
2725586
8377550
2911687
9071189
5920279
2352592
7177165
4273476
2443113
2081088
4378905
7444721
330478
8764489
739560
1727381
7540185
4771699
336920
1671312
521423
3514011
6355119
5438909
5222527
6844210
3491554
782894
3086730
417532
8873954
7051327
4883810
2108350
9703924
9755293
1283980
740921
2329456
9726311
4142576
7024012
1700657
1583090
7871311
804526
2878579
1837093
9204581
9814335
8091585
8541718
409027
9720724
9494761
3536792
2848876
8746937
2099233
8825541
2374750
7553074
7445274
2617576
4295525
8796878
6532170
8867819
836167
3500320
2897268
4168549
108703
9819815
2835436
8150530
5070054
9931099
66634
6368577
3848725
3020089
9193504
6968117
6958577
7040147
2665697
1711003
142292
7339982
3587837
5744630
6344732
396533
7646741
6183410
98259
2777007
6750758
3223439
2166365
4030346
7357914
3384804
8169622
8427376
3507839
9172267
1182590
2142874
9038007
8497283
7080569
6037162
9850059
165973
1901281
3855594
5621896
3518103
2834136
9331853
4612656
1357037
5306539
5669033
9243747
249696
3415118
4390958
9101589
8429472
6339392
8567813
6331933
1139429
8243129
5257537
9821133
2647381
2685609
6419236
999782
286308
7535696
2633212
3867191
9603077
7442373
6472069
5069619
9629218
9350552
6725631
8340502
1413815
2966208
6479267
3466568
1055004
2283112
6076059
9629825
9313822
5170529
2194026
6359205
5922103
1447893
5849019
4421239
2739782
7537808
4386816
6406448
913743
1567030
2279659
4919165
1961463
1376312
472483
8995764
4216209
6557482
1899610
7027353
1096705
7469756
8549368
2835191
4913475
9048764
6395916
7020896
4824259
8406994
5081109
2414904
2175313
3221717
9799053
676255
2978718
3244289
1032744
8449347
9736587
1032238
13183
4080093
7089751
9147728
1898511
7122394
2248235
8639578
4621304
3405187
196353
3245785
4193065
5784130
6831035
2749844
9131984
5723409
1693018
3500518
3299016
5450911
9307209
6820864
287236
5777474
6322848
7614311
3228546
7491126
697351
9912755
2830802
7417461
8340768
2050322
2840225
867640
2486009
4163966
2150987
9791812
4703073
2869443
8199109
8218657
132067
3501013
9321171
5078399
8090783
4585749
8472905
4470482
2630198
9406803
9939279
2229228
6688029
1942211
4304718
7608243
5805986
9758556
466383
6676771
7550228
5304732
1374900
8496729
2045428
9232632
9677739
9201319
8468067
9464017
3782052
7694533
331054
3552165
5108482
4300996
475766
264802
85964
3741887
5575955
916692
9574377
3183475
3275637
1977230
4039157
1301971
9903873
3835
4181142
9763825
7505350
9549021
5876138
3938847
8491187
175272
5256768
9480722
2862627
5173778
974750
7122948
8667404
4974035
7405017
1045303
7560144
8481901
3586248
3423646
3742437
8489552
3576938
7326455
4332994
1253897
1724670
2299924
4937343
8486076
9539308
8473230
3250193
5459427
164400
4354687
1086421
9933950
9989389
3498305
1032584
4429043
9946436
8442713
9064171
128392
9559565
6877025
8667814
7135086
1274472
7074806
7156943
2572034
4429248
14631
3766997
1948263
5225412
1218076
9607294
2660128
1648258
8448527
8054970
6360574
681071
4035268
3795035
1620579
1917540
6335150
5817428
960024
7879534
8358770
4492966
514208
761171
8390333
7180819
3620601
6384425
4496323
2148906
5053497
9787436
5191641
4105779
6986139
753626
836362
9125932
15910
433182
648693
3655106
4750305
7730405
3768963
5212539
8507226
639321
8554726
3866628
7656819
5061803
3495772
3312202
8145036
2528627
1556712
9981314
782700
4272222
4446142
8126703
1339521
1085895
4825963
1224246
8442460
9963177
8722854
2143833
9588146
666392
2585016
6367199
709959
5464823
2577093
7843598
2517712
7509247
7875043
4555409
2517661
1956717
3572396
2797309
3415402
2624711
3202735
8338629
3401788
7994320
3412764
7848685
4772719
2555179
7360705
7486936
311557
2986200
328572
1200250
9048121
1310090
2316744
1101438
8397819
9356124
3267292
7257570
3543913
7587875
9105245
4736121
6009243
4816277
3735388
1169460
7010953
8941051
8655791
9649618
2150742
4846268
2394288
6028316
4577223
7135688
5898025
804992
7137423
2362920
182523
6476298
852660
3333427
3186918
483197
7705788
5037697
9577314
9445194
5977780
125223
452658
8282089
7154548
1827223
5227324
8440273
2904046
5589466
947470
6638310
5264542
5571592
9499898
248818
3888369
6093006
5546667
7219160
5745685
6838338
2505062
4840166
2526273
4471561
5940061
3952264
8238294
8347840
1730665
7641428
7961586
9906995
6772811
2456269
8836273
5674846
8070884
33511
108892
8614455
2597639
6922606
6976358
7977262
847426
4185155
4513434
4012414
435682
2387471
2925401
7010213
3509714
5780301
7146202
8352665
8244107
8801014
8780330
8319754
8585765
7586572
7730242
7918043
6622140
4758246
171097
3627288
6549315
6009415
3541746
8537583
3081510
8923201
7326814
3726048
4614782
9962527
6524987
3063598
9722632
5765564
1162635
8795723
4063023
3825175
6869298
8842560
4381163
322144
8664893
9280125
1387011
3100305
1263314
5703646
5930382
1731870
582724
8736679
5032251
4423510
2831170
8830630
2791985
3484236
6848057
6797476
3969663
8928435
2501462
2602719
7418430
9798875
9689919
9448440
8081075
4374360
4155627
7166668
5917443
9380960
8028196
4100114
1699283
2863838
4978266
3907973
5191908
8172472
5114466
3637200
384816
6506134
9172447
1803563
355525
3061378
1276038
2306836
3670897
7912016
4907207
3456198
2778893
7875047
5752280
5062009
4544288
3756468
4588797
5695628
1196442
9864549
6394295
7387453
4547422
3932155
7627888
2211606
8583315
6423750
6898176
6447379
8735641
5017467
3355033
2639270
3216194
3709732
1132330
220030
2929464
1194354
4014635
4865066
2018951
1572007
711041
2162221
9025312
1682409
2956251
8570878
2045569
5436815
2467502
2865910
8731308
210867
9369775
2395524
9284421
1998317
7636735
4037159
6649371
9479169
5313638
9959454
8533671
2942027
5970014
7612351
4274994
1020527
6980421
6267908
8276819
832942
5945865
687199
3674421
5372455
4664354
9409259
3066112
661186
1909894
3950196
9121936
6026782
1594814
4611002
4604340
9599362
1607038
2446238
803983
5982851
1041266
3202313
1634642
8996665
783902
9155292
6178828
732719
5204254
2047311
8632759
7099511
1775244
5084832
468706
2326560
4010180
9503944
1094622
9974267
1608988
2516549
4218814
4414073
9092216
9062610
3812003
4025276
5674180
4915559
3395295
2551417
8888270
7649491
3999510
141000
7630764
2957100
8173807
8642089
259731
5503734
7526717
2184234
2635821
2894173
690065
2045208
3712965
2248491
2842075
4212267
99626
6438779
1900775
7655338
1233386
2252347
4623780
9545106
8946682
6440111
479764
8817485
5994086
6602488
2340652
7122049
9689505
9071843
4116871
8873348
9117422
6791069
434522
397578
9663171
2144585
8866027
5676366
5362027
9740436
6643164
3350019
1648539
8502703
1530029
2413495
6116009
7583501
6452256
8599064
4492662
3131959
8555073
712675
2545505
9321807
5526524
1608747
6728163
7993242
6663567
350121
5545426
3445319
643233
4271203
186213
1811207
6484122
8226530
8541028
8071741
6008676
3345845
7359497
1886640
6090219
9900505
8116570
9242244
6708251
5893323
3335049
2067538
910695
5437945
2083958
2562162
654748
2791811
7055820
5369607
9493004
8082832
6903750
1185392
1347688
8639785
1182824
8651984
6496587
9035184
6753197
1674029
7915877
7789688
1555682
1798800
9685569
3313374
4184908
2767536
997061
2466825
4764633
4369170
4388880
7552324
4155371
9463770
6773357
8337043
9413089
4517687
4725516
1032392
5030482
4399518
7519535
2624894
9230108
7103618
5714649
5607486
8754475
1765130
7223902
6036169
9356886
9896378
2569262
2990706
8534625
4967853
5857537
798077
9698063
4062136
6946322
3417354
5108347
6776122
6757518
5390670
1580082
5259153
5182236
9566741
9807108
534084
2378393
4581844
1070343
8629454
7033892
6311756
5777819
2781641
1902005
3855263
3814980
7079504
4864966
6339379
8280072
1996762
9203122
2268335
1341968
977218
2025791
3281150
4230068
7398411
3056756
6404828
921471
5207305
3520105
6939795
3951178
9028677
1559629
7632551
5039954
8944104
3239351
5576177
8523391
2031759
1088143
2405187
8574120
4447204
5720636
3631895
6324525
3317274
50754
8143218
9361156
6835874
8046202
3753444
6298687
8680029
5706889
2028359
4019279
2472254
1524481
5527613
6266631
5682045
6737516
2393647
8815101
4506321
1032312
8284583
9684153
6585361
43736
1954555
5178833
2265237
5896410
3875202
4422726
5313944
3117652
3479714
6552171
60679
3014812
482347
8644092
3351117
2409826
1885495
5993315
5251997
7819428
2122168
5194776
6577925
3750281
4240423
6568831
5185544
5590324
7106089
9817636
9332410
1975055
7101066
4666108
9616612
7197274
9806076
6628360
9086085
2231634
2999484
3764194
9662851
5340628
6176006
4845111
8489149
5970268
2286349
9552191
3857290
8967608
2012412
5802918
9860617
6719815
9205674
5776698
3387108
6480668
1250347
4160222
842223
396835
6553241
2237298
259459
5651762
6649895
4503629
622634
2880037
1137340
1591188
1192120
8673444
9498075
7450614
3278673
8483606
9980212
3289831
4720145
9855785
1062513
8694188
3531307
1220755
6292497
8684064
1530810
8274151
9434411
5379222
479267
5268925
1650569
8421018
5459130
2787252
9564229
9921641
3239654
788106
8066512
3260747
6115596
4131429
2632692
3206684
4169466
3820139
8152210
732303
9307264
8473183
306645
9649513
3875251
3382545
7128624
564389
3614349
3020731
2189007
6543661
5092575
2108417
7939753
8437215
9321272
6864236
9350418
8908345
1936071
7883721
9786799
5239858
8848974
908895
3687012
3045234
9247222
8484755
8838011
1955366
6897022
6030670
2937763
1561426
2795073
1501445
9316772
5310195
7357605
3130626
3283608
6602006
7553254
9760598
7638008
7165394
294578
1260936
2507432
336266
9316231
8354028
7302886
2501627
3169656
2964619
765975
5872366
8420994
3970632
980704
1984353
8151935
96149
1647067
9383735
4659635
1014822
731922
9485322
7603491
2073398
3754936
4924257
1195700
7310185
4985811
1261567
7456447
4955415
1746818
9859020
9609762
5428741
8696223
6031220
7519115
9357072
9871312
435031
5403139
9302928
8014879
3630693
5466510
5334223
2751916
4600111
7730502
5285885
1418636
4533074
9043235
353090
5555774
848061
6181452
6018593
9744746
7240932
4876218
2240099
4140610
1658634
6115718
3743439
2790949
8528063
8307654
5183836
3158384
6098246
6066913
6358425
1828429
973808
3314298
7738377
1007509
5545774
5438898
8311960
2976932
4421257
917458
2170162
5931572
7786880
9898732
2193871
4662159
7060967
6350326
4446038
2826468
7140083
1291362
3901911
4737585
6649749
2851752
2155214
664231
9500890
5069440
6184484
6491051
2173162
6257605
2104854
4738682
8261759
1156722
2509285
5621092
7969772
6788848
8337711
2446205
8331348
1084615
1234309
9504376
4550846
129383
6295338
8508036
8814828
4515840
1919789
5442158
7625306
2361856
9898800
3330769
2696207
1242122
8125369
7531592
1866212
7236209
1306611
4218326
1103991
4809599
8999909
1524181
1888541
6993493
6462632
3560484
2555018
2865096
4568633
2018958
110308
7638426
2149253
9966037
5046990
8032327
5664775
7599939
1710400
425614
2779322
4663183
2863477
7871762
8958107
9243347
9922877
5103564
4126664
7432237
1468820
7372539
9378548
5818239
9539175
9607645
3033309
2177475
5561502
511523
6111048
8458475
928741
126681
145356
2877673
2692236
6815213
5143337
8430071
3861830
3182564
7849179
8503126
3907854
5001710
7615163
6002637
1248791
368216
853805
6639548
4756570
2687580
6297079
1965883
2707577
3665621
4497123
8752795
7776369
5168333
5370297
7061044
1687271
4122790
4646750
844340
8796798
6030471
7061099
5153415
9432246
9335619
8455329
8297184
2000103
2455014
1272666
1475075
6894467
366257
2083131
8226039
9860021
6503742
9165990
7848880
3828134
4378757
1724874
7333349
7383762
894655
854001
9770396
7155237
6561186
332680
9332507
6005008
2085538
2578635
186994
4790403
2408168
3477195
4291384
4795296
3580105
2164559
9314234
7529192
7291369
3812219
3899009
3148342
3471703
5657567
6465358
688949
5524417
858446
7036909
7308368
2498887
871895
1918244
3317876
5693061
6672112
3734978
1723019
5506568
5871429
95370
9484351
8321157
313673
9020413
2942506
9575198
6445935
5079844
2276981
176272
4586673
2266097
6806964
595443
6348009
5667702
1355025
2298251
6892660
5408197
9394170
8901794
9100087
5399801
3171629
6045981
3255918
6659720
6166358
8127190
1838232
9511977
9566954
8750888
2034408
3568646
3998989
1037808
1518552
6981877
452069
9807035
2414441
4710329
207947
669553
5652296
825986
2984075
3520014
3351025
9534823
779964
9654419
6364440
3915400
8567010
270665
3496952
4425272
9669625
7648781
6737874
6975077
4796385
291034
4570915
5984778
7783432
9484369
3055163
6155344
9450565
8091257
3955284
5689468
4655706
8121903
2711494
2628338
2023894
3241824
4154062
9184822
9830955
6360975
9119371
6267078
4086133
3122711
5281096
8208547
3124062
3948865
8857310
5920682
7192296
2772272
2035945
8502324
5812644
5047170
7567221
1232538
3465061
6136297
3965737
5910312
3562873
1560840
8427098
70305
9064535
6976628
4901142
8039307
4869633
8489044
6630799
8699236
8654984
7428917
2191110
9984098
837764
9281119
7870908
3711001
4995466
9987972
7216932
3446099
5156810
7298096
3101401
3323480
7470060
8887590
9898388
2528412
2640067
4345113
2583706
1717064
3579876
4497553
1888999
2440276
459985
7773716
913696
7390898
7211038
4908645
7393882
9682567
6115759
4856927
1497922
4271608
4008419
758421
8025092
5721673
5639834
4921633
4536740
3460072
9185073
9357958
3762720
1756552
9514927
3338513
7823198
6020035
3658503
211100
8720394
5442318
2202262
3225507
2869036
5584578
9908219
9685022
5910878
6392534
3129846
5639705
9623575
129764
3518402
3808231
7254691
7090327
7020112
6680987
3914637
2700184
2543413
1981541
8433981
6195018
6953092
496989
9603863
2833761
6692197
4387741
3849295
1305904
5628218
7637183
7518256
7644541
9849081
2316647
8499008
3178725
2049843
3330874
6769580
1982771
9680698
7538011
3233081
9218840
128901
6139194
9017947
8342059
7813105
113273
4122921
4103974
7627795
2225486
8060074
8671428
2373975
1711855
37652
62605
160259
6271401
2777103
9327371
1177710
121700
639109
893291
931061
5180059
4751054
9957459
4404895
1653420
1654016
5345197
2938577
2723194
8951297
1919723
9879493
918946
9451184
727109
8171171
1832058
9973532
9907357
7920461
8383194
2855404
7917228
1201178
7005996
6300953
7541395
5422226
6630994
8767900
5240492
1753425
189176
8352104
4708211
9989380
1708674
9614682
7459838
8450078
8607124
4370400
1097948
3592773
5385689
1090263
1553077
2966547
8123481
3750732
6705129
4533874
6416799
4296888
1889999
4281642
1489667
3827407
1694430
6064562
9897866
2806524
7428619
780157
2817666
3314960
9683428
5619693
2393748
9309872
1396501
9134124
4486478
1493084
2816003
644024
8779245
9240229
3170889
5865849
9570461
3457833
6511584
8853075
3071319
2769275
6553743
9272104
1294753
2538833
9934096
4844659
5561471
7297512
6661713
8970995
7485168
2973921
102609
5509018
1159587
1569230
989544
2762923
9391309
4722705
3865999
851288
4923175
7405404
5634697
1115021
1723225
9960884
183584
421475
5509594
2369229
9044004
505863
582067
8226306
2546420
2985118
1896822
7171506
2243035
7571713
2041010
6231390
5153723
5936316
999697
9251112
7652774
9716806
7771497
7650927
726988
2190532
3927513
1066217
5371380
1592311
4859561
718610
6390640
3774271
4099535
3211837
4017029
1298360
2634606
3917218
8305592
4308679
247540
8771682
8893675
4774627
9414088
1651038
9919719
710709
7081018
5298033
5262325
693549
4667865
6066493
8002341
1424079
3198827
6399933
4380159
5781154
2122257
1709963
5797986
7624541
1221840
7339116
9354786
1290296
8564943
7065315
7063374
8760157
7534626
7330494
6919765
908301
8059575
5192834
1639852
9514622
4181090
3029447
8947463
1750486
2859796
3452790
5402047
4763189
6646222
5719265
1162234
5224910
9556147
6169872
8775311
2959548
1299675
992092
5045018
9110575
3825471
5219011
4615386
486513
7846419
2868055
8496580
2662515
9862767
691528
3821848
2099588
5161882
7471214
798354
5418991
4426260
4963964
8057507
9166934
5975271
4434424
309529
6017853
9849595
9729119
514185
7266369
2211583
4177695
2737663
5080112
1179234
3032949
6369788
9258666
1896083
6739009
5940510
2950802
9659994
2330570
3444213
8019688
6205050
8388507
3464771
5098399
6394076
694494
8149243
4438709
6280193
3577153
7148247
4635639
1342193
8463986
4214696
9042620
4279549
5999575
9392429
5880756
6035811
9853393
9118664
7723695
2721700
8832324
9395398
8686361
5010948
8714406
816237
4486123
6091526
9840509
8582793
2489007
7436441
6065806
9634473
6703492
5212329
5672607
6824379
7491187
159240
3838754
6577995
1690921
966462
7504540
6356149
6807293
7380531
7644577
2484874
5525050
4026148
2599679
6980462
130344
487053
327802
5007712
8788631
8232576
1444481
8659121
3810564
2286020
1637910
7483951
3943471
3238419
1095074
5178446
7429325
142838
3737569
6833538
5443052
4702797
9214507
3083903
4698421
3791922
6896958
1664567
1534212
887240
1484585
5941023
2858878
7585931
935628
2572719
7401031
4878304
3458389
7565553
9976871
3682080
8516708
1532629
2644262
6980975
6600570
7288311
9569809
6975041
1297538
6458624
21879
4616974
9173569
1912058
3744596
6140090
5218993
1465153
564561
8875407
4278739
8574159
7452947
2222257
3979180
5468239
8817211
8588115
8024925
5401167
5757285
6925906
6832942
5360932
5596297
763235
3481473
9424218
1650791
9948418
9053940
4648151
1464028
7528083
66351
5407201
8564975
9501832
8858697
1799992
4144444
9348846
8243251
4385088
5448861
9895541
7391145
57719
7415204
4516905
2372188
1979701
3274253
291748
4276779
1788719
4302873
423033
5775860
4155585
1870527
8160706
2267313
2150732
5582413
8124060
9801088
8406415
8555532
1113851
4721885
6743989
9887142
1626653
442654
2491307
3557994
1670432
8016842
5660607
3340145
6227793
1073004
8514207
3814856
8802287
6617020
5066627
9532827
31722
7161273
910899
9579136
3967679
3639393
7844771
6535343
1917222
1566370
7446952
1356945
1276405
7113731
4031123
5414514
1348918
7584622
2240368
2444712
7652284
6881226
5101502
9160350
9386974
450053
9407002
3424898
7765248
4659111
1662465
115504
4276075
928815
4142896
185378
9857561
4247378
8946092
7031880
9058377
9929357
8095918
281162
4447003
8016559
3687121
2453014
6179018
9592973
2164571
2407603
3417824
4763405
9191787
8561711
7511161
4194215
4058206
6772719
4539595
2906796
2682981
3875695
3617939
8665990
786328
5862594
7494299
1850925
9872607
7504510
1389793
4392177
5950415
3471510
8019807
1558752
3809373
7847009
5374475
273243
4706666
4358496
6937744
9957122
3064141
17608
5329452
4137301
2536890
4970816
3700224
4951623
1052429
8637118
5563962
3444480
3926670
4402751
5281016
2373633
4458714
4650165
3581023
4692970
5526948
7096547
7645903
726749
4616556
9898374
1767272
8396715
2580308
9352444
5656075
2973957
6739128
5037140
3240169
1786597
5982471
3524033
4670506
9848031
4809528
7827937
2757916
1679956
6983733
4813445
15298
7614502
7199225
1537560
5014464
7708455
2155001
9458021
4562823
108071
2532783
5271202
1106856
8419927
7965059
7690616
2659700
2262020
3920250
2167469
7982874
8947541
5714946
6100272
4896339
1093028
5148462
3775816
4709160
8358205
2813371
1211395
3729248
5872577
3832978
2034041
8867123
8765586
2656186
6481675
6937988
6492592
2115429
3252485
7991484
8317898
999792
654973
8700377
4846431
7339366
8355898
7292116
4487989
8887962
4925281
6415488
2605840
8866507
1859043
2899054
8911786
8338326
3734568
4147369
5848665
1230441
8255439
4663152
7190157
3809313
9968064
148235
599399
3618610
6098262
1418420
8915237
5531614
5684187
7583798
3791453
7539341
6499806
6380981
2268402
4398996
8046393
9147173
5351990
7540191
7618442
1937425
3260104
6345840
5015156
7848079
8266130
1686879
3193329
9883501
5045670
750387
5758058
6762143
7495969
277473
6291085
2616960
9539600
4092346
5524576
2669530
2136551
9739657
3194138
8107915
3093894
8361260
7712806
8756926
6053871
8944446
8438647
63903
5533796
478139
3293030
5185231
2637574
895184
221964
4363124
488983
9616240
1629193
6214677
2256635
6232882
5356099
2366299
5406547
4968881
1109752
6359150
6464158
8984566
909700
2984006
7198547
2759955
4669731
2702072
1185372
966506
2231418
5796218
2656533
5719318
5877115
3806711
9090133
5907316
6655751
7294941
4408201
8357738
5979604
8425690
7874263
489641
4352806
2212389
4576873
1204925
7972839
9047528
7924987
4747751
3040644
3613306
9079068
503510
7465599
7320425
866107
7896429
4925234
4359925
1845364
6500489
6568906
6734512
2171500
4524483
3371140
1635019
9821946
9116552
2560204
3977278
1683629
7446591
2653294
3362030
6047438
869915
1762447
2631269
8932169
5187085
4973988
3247033
1502353
9692118
689236
9918363
1210292
6338799
3158255
7432697
6666195
689257
6332985
9971520
3165060
3317075
5374210
2750846
6957618
6916244
6107958
76035
1194642
5376797
2406316
9260019
6700346
5959571
960645
3585203
9917413
7024707
9448681
8116596
8468993
2742435
3271323
3310102
5458755
7847283
4431162
3250030
5036134
139119
8507172
4513464
3370590
8451477
4538176
339469
7445452
2763835
3133634
4764226
9692693
9309604
413635
9138639
1580958
3760747
9304653
6930804
6763502
9607970
6655724
3923052
1406326
2029229
1345112
4564734
5733585
3122074
1907139
3636213
3743404
39182
6123044
5288396
8243331
9542729
2479663
8362844
1660103
6158774
3312147
9189196
8430779
3338089
7858425
5731935
2819816
4654281
3474190
8440198
6220959
3249517
3235169
2101770
5794627
7176076
3711565
4224507
9552707
6873704
8248622
5626521
9691155
2557958
4514512
3451009
9621315
2440218
8966933
1679134
1067666
8334198
5932388
9619690
8776816
8197569
9485697
4123857
4100602
9015349
9104823
430087
2085410
6458780
2255058
7471566
6368746
2650967
9191504
7669124
6662220
5821699
5834502
1065399
4509189
5192324
2265709
765551
7906722
9551192
1708890
4877731
3536709
175604
4466900
5607450
6278112
1665756
8562734
5319957
8141105
7675304
4868374
8349339
543162
1354624
8953763
1141844
6251463
5262395
8973239
5707561
3954481
2926866
8631611
2002895
1532222
6323415
600533
3078077
5601191
82584
1367347
2264158
3486817
9873307
349566
708834
8141765
6887386
8341894
7350307
9020931
5507150
9424846
4110763
6646811
1145506
3193957
2862783
8367391
4224841
7386431
894244
8669956
533619
261123
1422474
9026522
8800085
5632717
2286060
3480767
8542778
2234734
1642392
2692900
1823275
6300398
5847163
7621176
9095164
7435282
8364863
9171784
2382248
3604699
5285945
2236561
2702160
7746211
3121918
5128018
3704166
8276217
879361
1273011
4060596
5288239
7436713
274652
1437237
7642400
5199886
9756222
817692
931116
4980417
140123
6661509
7882493
4653985
7543072
4522890
7742041
8287955
7968756
5677243
8068972
4864683
8331826
8403714
9513691
4949179
8378719
258975
5014420
2401082
9683047
4925124
7797210
6593459
9091681
2117068
2676036
5789261
1269006
8202910
1131524
488637
1491111
4655239
3934343
7811646
7687586
8345874
3201343
9333648
453958
6829630
4080718
1765518
6592168
1858741
2344078
5497009
4737370
5507415
4333165
2636443
4749619
9961876
7837834
5957763
8029052
5624373
885850
1884059
5017187
4655782
3171467
9965120
1000051
5052215
8991442
8915643
2147694
9760451
732315
2074283
6387023
7064809
3230003
2553549
2376822
8236013
7606650
4884138
9169073
3380226
3474616
6075124
919278
3186486
8411361
13842
7951243
4963776
3165784
3553848
706367
7022989
7423016
8434117
6743212
7626062
7244788
4911467
9284763
7626532
2671087
8013435
9292657
4149132
766201
2848872
7663168
9728008
9244431
8628924
2305277
2110161
440436
5776900
6129604
7333783
9745001
9751559
2972033
7320505
9812479
4025045
6104227
2230898
9388779
8059771
8931477
6514663
1200042
4385832
5861912
3988793
2357956
2647793
3833803
9048417
1142649
6690141
1731905
2139377
4286368
2233431
4286649
5953416
1324853
850853
1612858
5063628
2967609
7515650
8472541
5309258
3255036
294950
9039103
8220057
1238711
7899656
6593058
1386059
5223166
2837244
1392096
945605
8264077
5760194
9311486
6824391
942691
8266172
6331300
599399
3425786
5705578
1619270
5177499
5157542
5494837
5603599
3028636
1186281
2372245
7175391
3490261
3975358
1494144
6356999
3565547
8508541
7408568
1673908
8071167
3653500
6476865
4823360
5285286
2613234
885590
1819832
6740590
2104555
7783363
2253608
5912451
438942
8088590
5750526
3290534
1822652
7935315
4555598
9707620
1510105
3910189
8134767
4906438
8466940
1702668
1539490
7541262
7672271
9027804
4536744
9813781
5239844
6084769
7583509
5497045
4720565
647817
5301840
7733504
432227
9436887
2796975
9689098
2760567
1065224
7746627
4573539
6606600
2284294
5986457
653081
2806415
2778455
3812672
2072194
2188458
1779006
6403987
2929359
8345963
3948621
7800371
2285648
7377355
976686
7800068
4836254
8115616
8893975
8318644
7470143
6899331
7326775
7060090
4403341
1593210
9633890
4073227
1892886
7591320
3211499
3717498
6144703
9240639
8075330
8449201
5189165
244111
7170298
3493236
8178391
1291279
5646589
535628
6104097
9205295
2379812
7336650
9937552
7465292
7974508
9360563
4269323
1514595
405513
1652391
3751399
6620608
8220044
3054679
663241
5986430
9473505
8858839
7517031
9880082
6405853
9825827
2300145
1718561
9003326
4320119
9557942
2628628
5026856
1653856
9592660
364067
8426027
17831
2237484
4530282
2227282
4722089
7795070
6101730
6355468
3366824
488873
5767317
1665858
5212832
7487012
7264705
8295439
7172604
9228269
4549408
5789267
1696597
1363521
4207498
656117
604177
3445601
2757775
9348947
5126971
9801970
8600632
5612685
8853992
9754850
3420560
2256396
1403486
9037405
1850428
5719677
4441468
5771601
3851895
6101963
8107195
5054255
1837841
9158571
6449574
3296672
3694863
9300666
4533875
4106464
99847
710037
8750616
1179894
3929757
3371186
7355589
1272594
6617358
6071512
2102647
9536971
4791675
814486
8864582
7944028
6486456
9082307
94248
7179712
6546858
6585837
8179723
1207684
2112129
6735543
2377289
2660541
6449662
3141500
9324583
1541223
4570631
32319
4430858
2396491
2172433
5569506
9849504
6040551
4840757
3309185
3028109
1048700
7426315
9998601
2563189
4204516
2088305
2335935
6847834
2462618
2332125
1827241
269141
3544402
1323225
3272710
4189759
4819961
3165008
7886408
6756413
7945158
8216999
5895953
5686812
6806574
4780191
1254026
9683059
9412834
7506330
2129156
8321500
1354780
7762784
9303386
9590170
4024349
2362748
1605597
8003292
7365390
76944
7190920
5949972
931041
8001498
576038
4825182
3963684
1514468
4659718
8893061
2945813
2010676
4501914
1304646
6199337
8042408
3724965
2366637
4341770
3172010
2746367
1645629
5617529
692384
7276154
9551564
7761788
6177349
1466453
2364267
4362292
6355957
7397277
8020737
8121329
8484737
4640072
4156630
64898
3199788
7888156
3715615
8941027
5448799
3665679
4163958
4897738
3347434
6626671
7190842
6354124
4341742
3368846
6879327
9856533
3943157
5830190
7034668
5609975
514497
8916602
3959934
4887561
1548524
6204352
5256736
1363231
8008631
6798864
8346925
1724529
2868546
3873057
539705
9293031
2633447
1815765
8923953
7356770
5810114
6122463
6945413
8322980
3668994
201746
2396145
5271640
242286
7399994
6056450
7443444
7903488
5851924
5328322
3752449
3442281
6791396
7551116
2422995
7305595
6925199
2105332
7607020
4832891
9185604
1204174
60969
7963520
1837501
6878607
3285800
6904843
3909164
9364842
8122426
6785179
2748243
9827807
83407
65062
8607687
9848600
3852337
8360345
3569292
736138
2552552
1812479
9787780
6674060
1165297
7942928
532485
4538397
5816608
9171628
6947661
3713306
7561797
3055777
4240595
5825786
783567
8885378
137848
9150497
4123006
4971471
9009439
7738421
6869595
8019351
3960412
839229
8323623
5986441
2737083
1882877
2841375
2854589
4654315
279341
4555489
7766835
7925538
4053639
5504102
7992011
226882
624124
8525845
9633448
1718576
7180065
5674022
5838167
3839683
2119739
2247742
1199747
8444633
2532482
8101108
1133570
2725844
9942531
4098377
5145135
9397322
3091619
9010255
650881
1854344
9428525
8369769
3013592
8814473
8905039
8649780
9069345
9689049
7714400
6608123
1925923
1632092
9350427
3903317
6838146
5804028
1289587
5039757
4673271
2479032
913726
2527626
1079412
9976683
6147502
5741970
8953379
2196167
3244774
3368109
9635858
4409854
9751749
1754244
8579687
9090924
9600205
1574939
8127820
1343708
5115560
7654263
3149061
6052397
4852060
10503
5134258
5512204
5974621
5108249
9283726
7765909
2336196
3529085
9258203
8242157
5843510
240642
7770182
7013039
2397502
6324868
5065057
7271931
7648073
1291863
3534045
3595730
4995048
6444082
4070388
537802
2557627
7530631
5385764
5828486
6514605
6837096
9169453
3207296
6847452
7819163
3214122
6621967
5392548
1454402
8019344
1377166
4313978
2927723
8924152
6001024
3271516
1920925
6632136
4829533
3131596
9947727
1990107
212535
6572701
5220925
8855053
1003332
3628223
9426074
6521960
1889895
5432739
4059763
4048680
7538750
2676237
3611394
1044820
6598103
7580545
5507818
665831
7008210
4898073
5403458
7355178
1901209
2180089
3972936
3231065
9872245
4183432
647808
3001048
8867943
7701416
6230868
2405174
504040
3064575
8607652
7125788
7593528
7331852
4768497
4592651
8019846
8752501
4113045
3537375
8421232
4520329
7430294
7875123
1945809
4602450
7418270
1430920
767956
6438819
6423596
8749751
818494
5458396
8550058
236858
1247830
632855
9865146
1150185
2991792
7366628
7027966
660154
7563873
3169459
4199365
4189230
7571466
4506471
33025
2328032
6531126
2442237
4666166
1506878
4232030
7468535
3554474
8104328
2683630
6295958
9912895
2618935
9809931
9698919
6073620
5144352
4046751
904465
2857199
1967328
6214789
4676530
5693423
6141487
414522
7622941
4392507
3313199
9106588
5569632
7226281
3690739
4303127
7319550
2411717
2459974
8907394
8449658
185386
2109813
5023032
7687892
3163558
616955
2951617
8313429
9415159
277500
414149
3067883
1626666
6309605
644565
4867148
7988435
8706485
6809756
6328254
340928
1353997
3190292
7739730
4644735
1528946
100200
3454688
173772
4075788
8923191
4692146
2706806
5310181
9346364
9680910
6273838
5196482
5668222
4437335
4883995
9661214
1584947
8746819
7697700
8161599
8018919
6082676
3158662
2718787
6628094
5540603
5922516
1022478
5221337
6066271
3925058
4605216
9487958
155770
8908669
4524006
374085
3393766
541315
6035530
9627433
8939971
5659526
7064290
2243963
3760660
2043508
4457697
3269864
4322005
3209939
8199925
5133055
9829596
6377812
1748789
2351632
7251399
1902794
4642580
1569307
2623655
1898388
3196845
1801069
3920498
5551465
8389091
7638429
17090
10413
4691647
9032553
418065
7477153
2687432
6039476
2064069
4547670
8706604
3196248
6650332
9882051
4032014
2576442
5579847
7045928
9257395
747397
8224325
1115490
4467739
2240146
2260658
9470947
8512613
1859792
1982093
2569707
4037938
2633112
6079406
8348056
4645452
7176560
1109623
3543276
684633
6703037
7243974
4176731
6062105
1401438
4286159
6948392
6452634
6363707
8558270
8577907
591535
6343556
8896208
537343
3722440
4944308
2818586
6471619
2969311
9035325
5742254
9401587
8182203
4745162
8432619
5007880
1963457
4364671
5557279
5965679
8168334
9830128
2397076
5677559
8537804
7430222
4012652
3070316
7852451
8981970
6748044
4359278
5207440
7460250
3900397
8775643
6082573
640677
1062661
9171173
19496
4383378
1382649
4872873
7434154
1998665
1708960
5114797
9455774
2740278
7719434
2807556
1278431
4053854
4030926
2386235
2091622
2063453
522955
3938426
3314735
2752187
4354193
6957023
6387127
8157761
8955839
7784829
5556846
1220637
6601428
9843452
4994165
4322148
4121625
3965710
9753490
1812487
4435754
8044403
3655272
6897647
9217788
9714358
8385594
7107178
3039235
3978947
4704103
3774533
6009123
8835256
8242906
7565931
3922559
4496092
3961353
3417726
1501175
8571252
3360105
8947654
7101616
1682618
3821750
1992986
6250161
5279661
360959
9585942
8990897
5012270
9083672
5945659
1643213
333088
7271478
1552079
8323228
2402150
4193171
7898679
3989439
4710924
9249695
1126260
3180981
8532240
3650654
3986297
5203819
8164316
1207189
4563436
4522242
3269477
1188066
565833
3819903
9398246
9403416
5153242
7697443
7844624
7981908
5298387
88769
2772184
6887929
7686289
6919693
9831852
2145338
228726
1797354
932010
5019864
1688891
2666385
5013774
3203119
8404194
3793605
5793225
8852306
220525
6439239
9966521
3114638
359188
5482894
2052435
518427
7495800
2788306
8636346
2347247
2200904
947151
3479357
4740005
8244329
2219011
1704900
8899069
4218553
9174167
7880856
8994419
820312
6469190
1796632
9681245
4886428
8578301
189172
615443
5328363
9061112
5142680
8186331
7992673
6583180
1933628
5775413
6182811
4133786
293417
2870664
8444714
402119
4262988
5352629
9321060
4656174
8346178
6012966
4264872
1895061
2809171
8329551
9480263
470173
4599113
1232828
3118832
3436798
2124764
4460909
6154517
9985696
8049173
538502
5650557
6204345
9401311
9534328
5305037
3064340
2822344
2813500
5143860
9815707
9436495
1324835
1730600
8011700
8716310
3075520
9612466
4523214
15099
4686448
6198081
8920686
3109379
3758582
1536646
8857311
9865748
9896906
1465929
1071318
6174970
4282202
4313988
1298033
5361297
6387371
4385043
1686151
8196331
8674650
5979683
3502256
4790113
1846151
8851818
7399444
7335317
1519153
9660973
4698494
2516034
2614067
5210875
8165237
6072808
9536147
104355
4641598
8249987
4677382
623045
1982006
2685065
1144888
4381494
3090478
4367085
3802761
6572133
3366815
1918164
7631594
4235951
7991812
6362816
788958
9600583
9890618
919438
2844668
5524144
8684597
9995987
1709458
2885715
9042790
4627962
1847489
6689301
6228136
7199790
2455549
8981471
1874023
5885050
2554070
6875704
5156168
7184764
2479887
5445223
837043
1661431
3320423
1581552
4695275
4760012
3027442
1923949
6839864
9946275
1755756
2471631
1186691
8692082
2643257
3412367
8147719
2140602
384307
9658652
621590
7176937
7859404
9048990
3294605
4350601
3158252
7886859
6951031
9796244
6943243
9872278
5105129
142887
4173486
511795
7032778
7623905
4253725
9231812
4665267
1837078
4435639
963492
1111259
1321539
2283329
8247669
7052574
7074812
8020776
3397511
2805610
4082496
8553757
5159322
8047209
1726900
2626267
4746156
2907678
119580
1334255
7553120
6730559
7366174
1614840
2727632
4006100
7383780
9764622
9897875
5352912
439116
8213132
9031565
3421346
962211
6211022
3659072
93198
1070888
538812
7312956
5523661
8039922
7523560
1449119
8033166
4762106
1409239
9377552
6207891
8642964
1506123
1574176
2295581
6254429
7766755
9975038
8503271
7912523
1151689
3045891
1191658
6994284
7898417
1472257
4519496
5883568
7530359
9522724
6529808
6013419
164749
6493207
1421680
7273925
5032094
2565555
6179088
9976873
3615063
4897711
8955841
5537330
9607406
5453158
940201
4564247
6968308
9141884
6250850
2350124
6167683
6677848
9404298
565741
2432261
8629540
7890852
7878498
9758913
6118703
9512537
9111690
1112587
2533011
3401332
7196329
3585997
3821915
4024682
7102233
8001174
4937601
4451629
111822
6176967
5784495
8454159
5163481
4122086
8811675
9176565
8857678
2005841
210468
674138
4126148
9764786
5146734
2708464
4047986
66076
2987046
9527283
5350070
2149254
1200995
3755579
2324217
7341782
5118902
5392098
9481368
2239783
1756292
4752707
5507310
7966405
7130474
866478
5494590
7364014
3387728
4566060
774241
860142
1370275
1489920
7607231
2417938
2123416
6244323
9884651
8283194
2951332
8454043
8381431
7004768
6838117
8035264
5342930
6216561
3937384
6899656
4759568
2418879
8143979
9513109
8809886
128630
7534393
7883262
26725
2592052
1054925
3084366
7373826
5718720
1437304
982643
7000660
382011
3439769
7878720
5704069
2699488
301722
9612673
7565211
9405919
7276050
3138767
9764512
9977234
8233904
6229245
8135971
4540328
8705184
6230256
1193679
3562009
2389345
9740647
2434542
7890076
1431527
7890921
531381
3418687
673266
5511799
5638362
9055203
8214050
7093797
6023653
3412066
2812101
3431344
9605414
8493028
6482313
6464967
9647650
82132
9949069
4774307
2600910
2714466
4122700
9469085
5507658
5563547
2572188
2792498
240458
3082264
8337867
5906150
1552041
1711956
6636872
8732751
5619818
4215366
6897595
2651194
9620984
5425405
3836812
4274251
6680113
1445280
6488258
4750403
4789788
9167020
971342
9910398
7544626
3482701
9905476
1537747
4386430
8187252
2750875
8862642
8782201
9951872
4070558
2717391
7901323
482797
4592307
5487471
6468103
5287274
5835581
1718884
4953788
7209913
3021892
1391464
3475497
2705402
7612726
1100152
2609413
4349933
7523308
6835482
9417528
5252782
1361394
3825234
7276685
7497868
3319361
7230527
9432936
1663907
9839331
6083498
1097633
7493590
3971090
5694899
5180311
8201223
8492663
684907
154558
5960677
8038548
4737813
6342262
2173508
5095165
181630
4053444
5411907
4930752
7029087
424825
3799497
6367708
4518409
8871620
6109928
5211714
8411913
9825755
3105572
1872111
6636874
2096063
1570504
1350411
5412267
9665621
1811290
1996270
3353412
5103166
4201858
4057091
5057895
2139259
7223821
2514761
9325199
4218805
5080588
2133646
3226066
5454277
638727
574922
2156356
2167397
6559222
1311040
5642358
9566359
3478428
5983805
2330264
9445382
8262815
4794211
7525624
2915101
1881254
1657507
8552136
8560993
8187161
6889621
4625321
3413514
5590499
8073014
6499956
8764377
7148535
6496173
8132332
3071639
7096781
8148500
9212617
4531162
4167572
5972446
652095
3663070
6855652
8099053
727558
2333383
1876723
4004469
6847108
5228310
1076556
7069881
7362303
1478412
4930999
7661750
5904285
6831351
3437573
4731286
8269343
6219836
304541
4377516
7157631
6542869
6870219
4797589
2080964
8409702
2255611
6993328
8015705
4354716
623428
1799951
7147312
5201294
8747411
2326935
7594817
1031230
579810
6145550
5435628
7921383
2592101
9102392
1023687
486381
3776209
7571677
9519296
3592984
3605801
1941755
2003010
5770254
6689851
3952887
9375079
8498793
8862579
1094825
9149053
600188
6296126
4276759
3841529
7695376
5764071
6468057
7049901
4446572
4219535
4054431
2333972
9927576
6617127
9164985
2063396
2670749
597384
8168370
6922629
9642626
4764793
6569353
7127472
4194441
6054325
4491948
2642642
1789206
2181684
9806494
7103850
6601751
4810532
7010573
6770294
4334018
8281705
1769694
3674371
7504808
3433769
45729
9728118
5570946
302750
7580033
5341621
4499044
4845468
5461771
3870321
2202152
9863538
2963278
5090175
347247
7982595
5353545
4941138
8664333
7992052
9372050
9102981
1632038
340513
8727204
1441515
8398270
1277345
199330
6196962
1628539
2897726
4445423
2871680
5569385
3207729
8407131
3230305
1389150
4416364
3475524
1481194
3559734
643097
7361764
9643070
6691296
3660791
6454206
5106400
7810193
3089543
2341649
2730050
9963179
2436182
7288851
5561230
1821834
8656959
3528706
926690
2767535
5807736
8534974
5962230
3509977
5625082
2478897
5367484
8921289
3847948
613114
439836
8347383
159754
1181510
4083179
7402250
5968932
6777672
4272198
9968477
443010
8498967
2716472
3707918
772154
2387417
2842464
4016962
7440989
1649039
8119249
4210712
7711547
8756948
8226141
8197292
2446600
1034108
9682355
3089607
6817805
4834037
3596434
5357415
9845909
2825512
6722124
2915760
9504266
5983794
7456358
9545912
1652881
7107666
2491876
1720011
9512278
7775018
6926540
5261448
4324125
8988288
4528772
4976836
9129250
9494575
4543004
3963511
6038680
2066076
9165776
5902141
2159124
9867574
2135848
9327260
5683534
5084226
6077157
2035109
7391146
5153128
4306922
390592
7280344
2523665
2525973
6052156
9984351
4971335
5053397
9685913
1070109
3023370
4567204
2004639
5311532
5571977
5601135
4239039
810294
7108502
8650885
2835368
3654608
5417362
4639461
2167398
4438702
782154
886243
2665503
9388884
4418958
8449021
6792080
8227662
3490117
3250316
9597783
1757400
1991865
5582802
9419416
9451370
2512444
7245580
3830540
5313068
7133459
8338275
431384
2094125
7033021
5954367
6957692
9588956
6239615
7897749
4953296
4009032
2266404
217658
8326840
2597448
9969662
2980182
2384036
2752185
9947006
194788
8456362
106578
6755631
6351589
7431298
5164636
1187656
8556261
4030926
8593001
7512666
4620682
2207137
8583935
8024727
8629574
6047044
7175605
8727620
2488500
1420396
900184
9490807
5410173
1769220
6683354
869968
3817441
9474206
1116789
8588759
9598334
3594600
6514251
8486724
5284625
6436997
9337373
3677299
5159961
1414335
6088241
4221551
9942635
3311109
6531450
4721474
4923017
3027114
294049
7159868
8842836
4124468
1587171
2687419
2189999
8067704
110969
278305
1975787
3776246
1595295
6619402
6303077
4739414
8968321
6932750
1342946
6326188
1367340
5536136
8527522
7051952
7650580
7092420
8313521
3614182
830286
7071071
3063649
200430
8608699
1460308
1331392
8062528
2992500
2526179
8541127
3423809
224068
2165499
4568489
3734276
1620953
2820825
1631461
2052858
1562934
8747969
3433213
5903774
4217727
1334156
3840046
1675713
4176266
3645563
5828171
876152
2782878
5771628
7069747
3362005
612452
4700338
979297
3942377
5065761
7762485
3781717
8841564
8448381
3193213
7743281
3132298
5997249
6701562
8905991
4957892
2731252
1331288
9952245
7074739
8522516
3393239
5686383
7092437
2832251
3240399
724452
4751661
543814
440416
3070455
5937853
8575609
2972628
4446265
8930967
2289266
8804537
9400411
4089728
3576897
5088630
1117976
6709781
9403642
7349589
5496686
1041140
4582973
675072
755456
870402
5671764
9251922
3550411
7560113
8495240
3511749
7603983
8441807
529539
1218695
9547996
9750531
6837941
6995491
768568
9447968
8635692
5413343
7837507
3585207
1652276
9603431
5089954
5811798
1665151
4350247
5779375
9946998
4636459
4174635
4421699
6223151
1440983
810476
8619237
338175
7249777
1333860
9579779
9167004
7070907
5910738
6734911
7935612
5164606
3908272
3995610
2507576
3585473
6589803
7413130
4698655
4679093
6196682
9406378
3835937
4128662
4521966
8972659
6136928
7960385
2577480
4220981
9670848
9205469
2106810
1362704
9936628
1082532
1081936
6000355
1949166
7585207
2060727
113610
2780309
2639579
3267008
6134699
5512429
8215477
1256939
6930253
6169629
7157026
6783407
3089703
6452499
972590
4893479
6089025
285874
8018233
8905876
8666231
7032122
5657152
5818410
6106579
1121023
1212190
5361560
2449746
9069545
1756840
3254680
3094150
2406631
2139823
6684822
2101796
7459755
7917824
7839268
3291342
7055986
5352237
3632728
5872919
1731493
2736019
3712968
8919566
4940903
4195281
4629299
7111141
2385913
850320
9312932
1582863
5711920
3724664
6579074
2658890
9896315
5711735
5433945
9001114
6768998
6503941
6711075
9282623
3522547
2638034
7594612
427756
6669314
8296595
7095976
3497506
8226706
2553944
6035433
6773511
2702993
3890710
2216399
849194
5386594
1228656
6129499
8126081
8234767
6027345
8791633
8298788
7861802
4369451
8389894
6891614
1813101
2306001
8895182
8276053
8820511
7900407
6582913
643558
1500215
5964360
8291307
6856729
8266185
9759718
7838521
3468355
3857020
5227963
3435585
937978
9431597
8495554
3714742
2214967
7919663
4387558
2750349
4507459
6397990
430271
2545717
4863301
4988116
8144004
1837893
8226086
5951760
8143526
1132463
3185717
8354909
1269123
8831536
519850
3551876
4774200
8429649
80342
7503300
9290540
6612696
869203
4580340
6146421
4823334
9205915
5762018
4452987
9700079
2044082
1789636
2757170
3385053
6750469
4678568
2303596
9314405
5031726
9213044
447438
8881818
9416440
1956497
4961758
3893389
1255434
9292440
6366513
2101764
129047
1070905
3041667
1677186
6918072
6860817
7723046
5443400
3713715
4030232
9196236
2833675
7177705
2893472
2658574
2348512
2662618
9720539
9311200
9698307
1888999
8860323
186581
6369643
5569112
4471426
6286725
9092096
6489328
5724485
1867227
5025362
3532253
6626923
7789403
8921031
2695948
6583129
7317738
8687633
6028219
7596262
664330
551476
3234423
8009040
9851108
8316645
5535912
9696349
3844859
834484
2591585
6828495
2447345
3485210
633510
6173355
8925515
5138831
7468494
6361536
78163
4863648
7739460
806306
4470048
8195154
7689830
4338728
613877
912617
3504418
209859
8560966
2792299
3258348
1937236
8612464
820461
4962564
9238501
5404664
4200129
9772638
3508607
4641076
4192985
6979658
5234880
5780880
2132503
2490065
1570502
3050451
1192288
7856665
2118849
5507883
395293
1591445
4463068
3916387
7673738
1753891
3697514
6799724
1538912
9858445
8653928
7799172
1904500
4701322
9401017
6865139
6579791
809854
7052856
7102571
4367184
9131091
7200098
8125371
1395171
4560717
6179355
2996257
3687710
994970
8773111
3412291
2042787
9484392
9906147
6909954
398860
8201979
3504707
9169497
1763495
3533384
1039663
7002125
7494606
4221304
3693574
5131474
6865708
5277468
6904369
7820398
4957222
1016769
6080960
8457197
1220011
1876464
4767378
4714388
6259226
9560525
4310802
948538
6560495
8860008
1909206
5297227
6942166
7795843
6983701
1768476
54783
8030984
3097288
980338
4054634
1213557
8207447
6543666
5229129
9259153
4350746
9500005
8099897
6166476
4415288
308007
3891705
6937427
796631
2557520
2802602
4046299
2662993
9453291
8691066
250685
4986104
6785342
2488317
9378244
9418534
8335883
5587866
3321960
8451618
3857924
3700751
6143722
2680767
6444086
9605238
1031364
993709
3346846
6152609
7902489
2246364
352
5689481
651157
4635114
3003726
3266309
6628841
4942385
1338424
3018360
3533438
1856550
3512009
6922145
6850383
8269705
7626085
8850859
3342932
5920931
6871787
8208862
2038944
9425735
5881854
471376
7700875
8703750
7744811
936451
8495886
7245592
85334
5429537
3448618
3558822
7142377
7459380
816833
1753655
2244990
3836301
6136543
9324256
5658904
971671
8433689
7089645
8995956
2247601
1291757
3040003
7807590
4884491
172266
7109369
7264145
7566405
2136893
7356866
5339811
8418759
4499324
186472
4128903
7260259
7725153
7680166
9405345
2986832
463004
8804950
5066857
4635739
7780073
7896584
4770370
2650043
2814956
4675842
5123416
8959050
9724063
380643
7144769
3648628
9171859
8284329
8340462
5397573
2208621
7858784
1290181
5800768
7457233
9803682
8325191
4794369
4109727
5096154
494016
1591049
2097745
5037333
3563320
7068576
2215078
5871023
4496413
9317375
1587559
5168320
635582
8457604
5001928
8865731
6632872
3026833
1113460
2414307
1699797
5879878
1434028
5725883
8316107
2744564
9473849
6352883
5465055
991904
5794372
1261038
8724226
6212909
4029934
2651517
3900140
1565813
4725425
1599979
1715709
2430237
9813590
3068465
9314239
3295871
7882372
9897345
8572792
7585830
3077
7324932
8656871
8261725
3975496
8365112
8015077
4215144
4706417
1269309
6405322
4727603
4776739
2884331
4555793
8994588
8193686
6913125
4546640
4285776
8825620
722093
1044617
5284358
1029
3325830
1265023
8403774
5292645
1670898
6653192
9726203
2573810
294427
4513546
2436861
2065686
4559962
313136
2191642
5054032
6260055
9148223
2307795
8528231
4299153
1305744
1667747
4934450
7277490
1570348
3653685
2958172
4155510
6401694
1623389
1448870
2982293
8807216
6340243
7126473
4785397
6212087
7502126
2031349
4635485
9251739
2290900
566167
6331671
9376370
8969115
9773243
3876110
3665833
6713120
8682311
5760290
8084010
1068593
9327306
5147797
2662159
4142380
4961794
7686160
5465484
2171871
8769212
926576
7841655
9288282
7928219
2840623
7289379
8795364
7554254
7555936
8830730
7435559
8496963
3846175
4452601
7379743
8267976
9063847
9142503
1076368
1946436
8386678
6575149
8570743
2468250
8835176
1562848
4795910
9038739
3634860
1825275
945172
3369415
5874425
3481944
6319904
3252835
148749
9449369
8518986
8478667
4058283
2378662
9518088
8537072
8355935
7916174
6732524
5716869
2421911
3883913
9733620
4242942
9442958
2010823
8502696
4328703
3807456
4717841
1744066
2403996
4651491
8774601
1227928
9421798
7276046
5175597
7184151
3834101
4377856
1334545
2638820
8561783
9572170
2460354
5980560
6613644
6313171
9661155
7531420
9101931
9768215
3479460
7546255
6077690
839188
6817666
3963223
3504925
3567868
2802269
7917466
9109778
8682468
4076102
4021076
1485993
5904938
562750
5531220
6424138
4164452
9767418
9667230
9175759
9894058
9657320
5618197
8506162
5743137
9889309
7553742
7681553
1798425
511720
8598815
3542224
4904732
464255
7532690
3055655
3228909
2367940
5958054
7895734
5214362
6535361
9381944
3469420
5495303
7227199
712945
372004
7383328
9202547
6575706
3034294
7174002
3143451
962229
8071959
7817865
4511932
7152598
4292555
263697
9029498
4539191
2672715
2431130
7700550
8204789
776459
4655496
3427172
9997144
3602811
9890887
8548167
1844639
8867099
4183307
4137319
8073330
9492319
4275628
5822910
6435713
9104591
8626476
147777
9789099
3309873
6293296
8562017
5105287
3869954
1231856
886677
5805645
5491465
8100889
917633
116055
7554752
7544673
2630107
4993009
3249992
3782870
5226030
5015572
6407629
6106871
4154432
3207027
7344233
319552
1990156
7458592
5688010
8947511
4823100
7411801
1323217
2797198
9380907
4354129
6859263
7201411
2465449
4324691
4596733
2546879
7837076
2300535
2034624
1323928
5887316
477084
3280542
8564772
3239554
1884420
6869274
6081630
3560146
3597161
3131946
8805772
7048532
2336910
2594714
105868
364638
5235110
2633627
4861560
2684454
6665973
9387253
5145703
6136273
9591930
7016673
8285461
6224708
3736615
9408655
5532085
2825249
2408825
2137991
2159308
2242003
726706
1281358
9223301
4881490
1964554
5267185
6409379
1141587
6982271
6186495
2044196
1205238
6391629
8595761
76335
7269639
5098054
1121280
4065058
3232916
7774682
952000
1585275
1889025
7973903
4973231
6322250
366478
8651429
818778
9310722
5728574
1786086
2450829
4544303
8857821
5670020
8124322
9871442
7290893
705961
5538405
1613865
960300
3223000
6846569
8863334
9453395
9227206
3125750
3610327
4113988
8054886
2872054
8729246
2620531
6953811
4074389
714519
5312128
335677
2580209
3854722
9277768
6922912
7311140
1641101
5700988
5823489
4376485
648073
5245402
7503371
4566973
8567324
7831216
1842419
6922625
5590223
897904
9423280
5597495
5766165
1344461
2079543
7199694
2598481
2510794
5872189
1531015
9534462
3620663
6487697
9382215
9103827
6215235
5258901
9134823
8290845
8589923
2920565
7833371
1073981
1989482
1707707
8684255
9670695
7025755
8380033
2069596
224156
6187117
5765613
9119833
9597136
8105343
7435303
6660661
1012301
2331570
1640179
6827795
4543458
1368203
3300106
4419438
7063860
3781583
8948215
1555911
7699470
8536166
8808782
434209
7052665
7473373
3355469
60490
8372060
5032567
9830039
5806958
7970652
1799796
58876
5236892
8700067
9254171
3817501
4671819
5587273
6050632
2302919
7580719
5186104
10679
5948585
5058
9985598
511980
832088
2553085
1275895
9041219
3226225
3349807
3291690
3590035
1117004
1372813
1810399
1450039
9432251
8093533
6227160
9518646
7761466
4758020
1840037
4233477
9678126
8077640
5739512
2573789
9962330
6805654
521314
5337430
7485016
3694252
9615533
3471240
7707215
7213965
9928948
7586590
5281311
3816839
3012120
7308439
2616810
5783241
2940903
8276158
465239
2056144
4474471
6544014
1122154
6196738
6123415
3323317
5793565
6536122
783096
4777064
4726986
1286606
9313986
5519670
9707707
9054189
7202194
4752523
3709809
8933067
2478242
7068435
2759971
643706
2792249
779437
9578224
610103
2953036
3374759
1684760
8049274
7903305
538162
6636568
4997183
812543
7989757
5723794
6255022
5321104
9434046
492433
5228974
8601724
4719255
5246697
3279532
3701118
8288181
6464047
631631
4964338
1588526
3086644
4971125
5646149
3199423
4136888
1610203
916901
9159669
2650945
1174137
7488353
6031034
8868995
9210831
1778160
7174121
2926232
1247483
1527543
3600380
1043841
4146296
8399518
8830286
1889450
9001400
8091474
4797523
5080236
2228506
2171467
4955108
420222
246390
3883009
7723711
3782445
118523
8374045
6952955
4495593
7323005
6971871
8151997
8453768
8579742
3888982
7601060
2821010
1534754
3728956
6260739
1888792
3258054
8230276
909498
7591987
6790700
7662994
223802
3887587
2737692
6783941
9869118
2221343
4460876
1189924
3832608
1550781
3430346
6610960
7556378
3163923
1741670
8953037
3040608
937561
827882
1318302
9259130
9255864
3865092
4456175
5712540
4991161
6116851
410825
1766792
4136593
8885086
9467327
403084
1472934
3673920
1749312
3291887
747913
5670595
6463771
7625506
8146787
4276560
7022044
5829445
6694772
6655578
5139830
3637706
5621462
9127221
1283372
2069501
9254763
6445886
1520051
2800180
494073
6160997
7348619
1751577
7779558
9220836
704200
8062502
758831
6243669
6773842
7138762
3138234
514038
4873203
1543632
3369794
9414105
9168735
4664574
9491289
4030783
9925132
8159590
6505309
5730893
2586684
2577963
3232352
6897175
2516653
6253000
2485796
779073
8846500
459870
8360209
5957321
2867090
6843447
5099370
5915831
8381025
605345
2654108
3632665
2665677
6347126
4468700
3243026
9517292
5480008
3753548
1099835
3691546
5969016
6264425
2240072
213942
1333853
8335002
8323499
8021259
3810610
1340569
2980282
119229
8010351
8035273
1894622
3571029
5873578
6086367
3194631
8183806
9686119
8483302
6227344
2027913
1018143
770442
1272301
5847172
3942601
7170997
1366048
3689803
3215519
1606583
9816542
4663653
8711702
8650153
1754148
7898965
5862194
408809
4159350
3691242
4870105
638270
2657412
1533808
3964991
4363154
5612141
9568538
1149189
9324950
6210789
2971988
6987377
1387349
6980478
8973320
3924265
6680307
6093210
8308413
5751395
695355
9865416
6030297
541874
9185847
9972725
3681877
5206452
9797030
9095100
9366300
9258065
8010801
2754657
5556707
407836
6307988
568331
6411683
6827330
737803
4380833
372850
4846737
8007068
1822293
2701712
2850098
4285199
9506625
2654291
2629287
1587008
5316096
8367333
5902011
4071270
6422970
749560
9871094
9114622
3244783
229742
2091808
396538
4584364
9383738
748395
960347
8441985
1486131
2621256
8694346
4225067
5017534
4718774
9821792
7807893
6835549
3845130
1922362
6897907
9190701
6445195
5460912
7787485
2666621
7618243
6458473
3682078
4523482
5620447
8339491
2771252
2936576
1478247
2753963
2946794
6663477
9335709
4992091
5866799
4011174
6372947
8406204
3757767
858270
1708391
9903450
8899210
4425420
141059
675020
9439522
642026
7493648
3370693
8537656
9139085
1798593
6298745
2641074
9589421
4742417
9923215
2134646
8308910
1585581
7209662
9136863
9331630
1355863
4575000
8959730
7736909
9822847
8124953
8631904
6432073
4000904
6405125
1321321
6727230
6340259
4404149
5195259
174407
5464962
5848547
2543744
6389291
372023
9326258
8129035
1701775
456208
906727
959087
7722267
4512913
747349
3111997
8100931
2605348
9779943
3619352
4196740
6553214
2380901
6071204
6833509
198466
699479
9596751
4504266
4950788
100835
3403725
1014488
6888900
5521389
2073118
5372846
637964
568579
4636030
1640242
3885310
8455048
5417999
3233868
4908088
2135607
4309139
2585487
7271698
6819181
1568022
3891496
7204514
6247455
8908457
6819483
3874514
6190141
951195
1196226
8909788
3321562
6513294
408038
3935408
2515913
6194066
4845598
423844
4598186
4413615
3599665
4518322
5433021
8348244
8313681
8260091
1607066
9630913
7730605
2462630
7482628
7870947
9920678
3793439
1288938
5017770
5490113
7064313
6060021
1997843
3413370
8269184
7000516
9216082
5360636
8968086
2364342
7582877
3021143
9154775
9188534
4662223
6439714
6123472
2718841
1070986
7475455
7352397
3361986
8884300
8799396
661009
3393693
1953441
8915205
5968291
4964346
6731783
9032218
9039529
2723810
2255192
1257069
4280662
5204197
7991756
9914357
5998761
5956777
9562842
511507
8878405
9486623
2667228
8735400
5985413
3578252
4704473
9506504
4847326
1973980
6992068
7259536
129062
4138049
2870444
8185002
4871353
7872551
8590270
6485240
216630
4683215
6641491
5257205
7675897
3225082
4018425
831839
4840673
9759058
1984680
3996374
2695950
1909528
4264898
9442049
5021262
9926284
6925628
6062441
5113603
279295
9985182
3130306
3535549
2079310
3303857
867237
2506223
7014960
4445547
1461815
7391690
4787360
2941297
6899394
9191275
6521610
2933352
931036
1191200
1634532
2139957
578230
1558347
7245579
1320060
792958
3362854
2301312
2856909
4983658
8417602
4696584
4026644
8499750
7369263
2050144
4515994
3442064
4454622
9932434
9790148
1572849
2709924
2924316
3773924
607786
167772
5771577
7505981
9360990
5550069
9158289
4121684
5669661
4495645
6505390
9522904
7358653
9864374
1300620
5798707
4071904
3548431
9624407
7667818
5543394
4642792
1523958
4413994
7588165
6489910
3066696
4593542
9871582
9959197
6774598
2159586
2350609
497942
8571459
8669484
5429079
6381911
8332171
6674819
7635405
3843636
4651916
3520625
526143
3532700
6748542
5169767
6981681
6765978
1582485
5111418
6792030
9256020
5952567
4748319
6744556
2188714
8894874
3760635
6777036
2516445
4354345
715217
7090246
9648501
8259731
2572161
3246700
8385656
509006
5599512
316627
5321739
3031964
3857052
1246458
5029843
1154060
6866161
1106370
566134
9379036
5417470
3704139
3685739
9587431
3796872
4902165
8613465
2371615
8334409
1942941
8371873
9431249
8355345
300810
346131
4268958
5253540
3960576
1933111
5978233
9155393
4341306
2157401
8140591
2077424
3692523
8845299
6384790
2818206
6256073
395526
5887744
232479
3357082
4676142
2836973
5167316
1728465
3875027
6299323
4631660
4047287
8922906
9101388
5457293
8192961
7637702
8518515
3215366
2727377
2641887
2489020
7127605
4114716
7962397
4104233
8480145
4386923
5778369
5441135
3148915
2863758
8816576
4278313
2491236
1346912
9704686
7134493
944459
3175158
1607294
7832460
9889393
8864557
6119246
8292025
1796165
8145283
6153226
1696233
9843664
9960392
8215650
2044968
4173749
1770454
7092399
6393511
3291555
3618644
7522874
3518139
7788135
4501664
1522514
7605933
4674049
7592373
1779859
6903401
7128377
1232863
4487592
4961678
8329866
5985767
285179
989742
6788638
6022317
6215079
4671770
162214
4062368
4461174
236898
6607790
754975
472276
9701539
4497713
2670025
7880617
8410066
4171400
6842984
2454654
7804487
1604549
3045512
4710366
5284301
4392737
3924935
9472589
5868684
9192981
5957909
7738359
9459643
7103169
301157
4410490
6699341
8681189
596646
7789970
3248388
2228633
4860644
8672949
2285099
6505901
1492158
768713
4829210
3846738
6759367
5495035
9292594
3895575
8730458
5089082
3333374
3907810
787684
4909181
5583234
523920
7388958
7765651
6784290
6230905
3930801
4705878
3340419
3254474
3707792
4239086
6749681
1287699
2426372
5336320
7571036
5567536
4837371
9908516
8657262
87571
6274948
1664001
2144364
5883851
9505598
1248972
6731825
4636605
8852898
86366
63599
7184026
3204940
9080401
2010606
4366061
2987342
8057340
2525581
4766890
3786680
6057602
5070366
7973343
8749453
7894354
1598132
2657768
9177465
7869689
612525
7479956
9201226
4133567
4119700
2811560
8189261
2514496
4686653
1061528
8548996
6015497
7318410
1583794
2222759
1790090
9258866
4775823
1782596
5439317
7287094
4059835
669323
2164802
3092455
703316
1245089
2853405
8443277
5599376
3989643
2095450
1717366
4704277
5602980
5478387
27210
8959408
9901649
2622053
5616579
7747800
3601869
2013141
7374736
732066
3491929
9253357
8454687
2016678
7435826
198591
5952951
8124908
9491867
3421383
2132806
2675928
7143279
7138780
9028364
5605883
9943832
1088199
24419
4671216
3388167
2936869
10952
8660577
1379807
5004849
7302079
3457650
1358155
1315733
3000302
8346505
4687091
9490105
8981028
1338385
8234547
3856700
8969053
7264523
5561916
1343342
2247766
2870467
727659
4672422
760303
1666914
6823915
156809
2656699
1985041
5737716
6622063
8240200
8697471
8478748
1468422
9744706
1938197
705603
6287717
6571383
1543237
6612953
2637511
2784058
3429191
9413597
1905043
5475351
212394
5228458
4580856
9646049
3914011
3513972
4759174
9413924
9999465
4529258
4432887
1847697
4561344
9109060
2263508
3149564
9537774
7346846
8219124
1526234
9335259
8082513
1632703
9632309
9390907
6757512
771358
7899827
2278228
3815862
3284308
2303332
6567844
8129630
3097698
3987309
1318881
1106330
7331748
7904113
1216495
437485
3757901
6943877
8027120
6275771
5745026
9445099
5530218
1583973
6644625
1360592
7716510
5155631
5535718
2489831
4964013
4825450
5479440
907133
8676533
2720110
6774298
8723821
4613757
7774287
1218620
6049097
769295
2590165
3885902
4735716
4607389
8903413
3344869
6464368
5317730
7924896
8202370
4301503
2870161
2101225
8414882
8638449
4370748
5439155
4778982
3626796
8906775
6910065
3518024
1693130
6915395
9477242
6354136
1507248
2645393
8287814
5661643
8825286
1118725
8807229
6121097
539460
7837169
6690071
219143
9226715
6946535
4356409
8685242
7808044
5174921
962207
9924250
4517890
1992151
5565767
9656872
1703029
1406019
8869749
5704534
4426731
6887219
7410453
5649682
4503309
7782805
5985798
5802538
5270313
7077697
5556585
1616195
9108562
8242826
3646573
5976221
5636383
697637
6809511
2014368
5210827
7605390
779855
8183339
4415819
812475
449284
4325608
8382636
5756268
4104667
9079639
1970222
7899585
47619
6313049
7716309
4932416
1320727
9687044
465128
1194055
9086518
4165549
5488969
363500
2891788
9334390
864222
436029
9933913
4207413
68616
2549390
5605133
7799985
500080
8773596
6166014
8110299
204804
5247289
8287876
182643
1307029
8356359
7458909
5644648
9110177
1825799
9916078
5136786
9755201
9135499
12982
3253616
8585821
8692378
9207153
313675
5374082
6805841
6046422
5342274
3630619
4907401
548706
196243
9360850
1113390
6779210
9477100
7217714
5946081
3447703
5667966
8633546
3843529
5682001
4307325
6820797
2199724
8307253
9714475
9202499
1597428
7500163
5687778
8929524
6249509
3521775
7287778
6061550
8347203
9600545
8375416
9785842
9984802
4020479
6315937
4373538
5966055
5138055
7507079
3947448
1696769
9622973
4071004
534185
3583838
6772243
8774896
3606998
253523
4839548
6326419
4404465
3978018
6811145
7223852
7170044
5015422
5314511
6440056
5929648
5458549
4411643
8743908
6794341
5150083
1159415
1559498
8165838
2532903
3407645
7059018
2410449
6723436
7725994
3730472
6054772
9011356
8267991
1559132
2950557
8708879
3021186
4895244
7822785
5235760
9355716
1578747
9044965
8439637
2982689
1715064
9498105
2705132
4029748
9541832
5390456
1172184
9921209
1821860
151640
9238063
3906595
9221768
3235890
7958068
2641015
8276385
2186068
9171308
5178234
7742273
3623897
4336014
18314
1866611
1652799
8654913
7408109
9940762
2787573
1896640
5966861
8856717
1806831
7631586
7442932
896599
8184017
3011052
2146105
8963644
6864907
2411829
8899132
3011921
620420
6770648
4515197
260116
3301441
2325310
7053890
191939
1745704
9729423
4923690
4871538
5046840
6575445
6283084
9972565
8172502
9776995
9125591
6643362
2085479
2899281
5110179
7905677
3470717
4371086
8063879
2925170
3137231
7992497
2604488
5330297
969245
8201097
9686082
600949
8741792
1338068
3758560
6486944
1516859
2058780
7027648
2749280
4048420
1309846
3587308
8248319
7486572
2933195
9359900
1183899
3806718
5440214
6694849
4944259
7329657
7547421
501732
9493691
123539
5846705
7089350
2405152
6741738
7328292
9262271
2312710
7765567
1480000
3625280
7597296
947474
7208121
4330144
6258454
196157
7011508
3406628
9373394
8925235
2187853
2838732
3559096
4588965
7454023
6594862
6228525
7166340
7253154
90496
454044
5541156
8271541
5420680
7339783
8891803
5393710
4366778
2333264
2223535
1956705
3240831
1543466
4463606
4050540
9032043
6781549
9297458
9885579
2971732
2239819
8663859
5333145
7066551
4395560
8738324
3508079
6077401
8336284
8851938
3044153
7643602
7203356
324663
2621477
9376155
1195458
1450788
8975802
6673424
504919
8573667
4063512
3840705
862042
1054260
5783215
3106658
4509273
5969368
3501272
8667492
6432745
5431356
9592622
207228
1335301
8045339
9371224
9044727
5590282
9637141
8490697
8822382
995952
6777246
9543807
7707675
3307421
8884821
7095369
8402058
1904559
375824
8807585
692554
8697402
4997622
4899830
9128634
2817102
212926
769641
9988359
6237276
4183562
2146937
6752186
94762
7681638
315940
6527972
213368
7990392
9742076
8786497
6901815
174032
7133400
2138737
9239248
8428018
420720
2111676
739307
8807911
7342482
6934295
7031670
5674987
8727065
1389870
936470
5381416
916465
7602232
8376291
8903212
2690797
4725786
8057255
156182
6986925
9642897
9785508
2554580
91568
2117243
1501977
6326293
6495660
9177868
8756186
3546172
4378792
6424836
1705473
6090736
1209654
9264584
4383135
1588204
7208592
260132
673739
1597168
7929362
1925750
8498778
4335128
7409140
2434308
7518948
5923997
623976
978822
8242779
4731485
2234427
3436021
9261870
6654466
2438306
3737940
3338127
8411846
9408017
9809314
1871713
3329524
1670662
2870586
3667246
467488
4042986
3718071
9543538
245451
4279052
5889780
5267744
7845404
985509
2671050
6687834
6083137
5035504
9279415
4637487
7957041
843454
4418303
4115276
2885118
484295
7410415
713733
9742847
4169811
4640125
5529531
6801932
4086188
5586357
2325350
3834248
5162278
4350391
9101516
7867244
194667
2582936
7143825
76245
1594365
9795332
9559979
3856196
6917655
5892442
2997769
7745871
3438791
3217391
7930241
5135108
6683681
8864783
2626149
556530
1113711
3818564
1910327
6250131
5891870
7368175
547904
9759664
131772
613007
2318396
6554459
9237682
7595025
9745224
3549591
4805233
1053691
4232168
7161379
1850203
9600501
6923550
11675
4950512
8817604
3098418
3495759
6269346
8452569
3752952
5079373
9435575
2049410
7306413
2526887
1147760
4483812
618886
7593025
4854770
8870879
5434824
1989986
930901
6231278
5776657
8547199
2547481
7414565
9089470
7371710
4157583
2424473
5545431
3694962
716032
1103254
2499923
6368689
6593749
2432723
3500723
5738921
8359273
3452715
6903259
1812208
771834
874592
4165903
8382174
9388471
9202910
7250526
8485479
3532554
4886318
6642434
3035342
3491193
467217
9411505
4962316
9663127
1662271
1178669
8361234
329843
5262318
7484221
7440173
6985970
2031228
477667
9810328
9400365
9694110
2326455
1933045
8143235
140368
2247110
5076793
4190234
1527582
6145445
7895350
7130292
6728541
9213870
9030759
2273493
9336558
4593180
2971580
9697457
1776844
148471
5632221
4870821
643630
2968316
221587
984972
3780447
1747367
9136305
7414820
526099
814969
2540765
3127627
6549171
6675655
5482654
8874205
7734017
8522074
4176556
1641078
4523950
9040285
524011
3207065
5176
5865629
4642638
2369500
8883667
5167741
9877270
4302897
7046165
4683797
3166279
2447000
5100648
4813364
128969
1041317
6444449
4203133
8861228
8596306
4735392
7374581
3396473
7261843
3346228
3241634
7948307
1419193
1417116
6692885
6877126
9025098
2977916
456897
600188
5863952
3867854
5883164
8734670
3753689
5345259
7035631
5920285
8489804
6454852
2625498
8129489
3734011
5402851
354232
7475873
1445523
7939671
2752921
6703610
1119966
6984564
1135329
7231793
4911747
9135774
9330599
6700363
2075158
9361515
2696680
3677011
3436112
8654854
4957238
4175050
8563089
8888364
2661301
940783
1470994
420508
9074977
8019961
6690340
1145557
8634446
2793279
615364
5183536
18351
8120530
733020
6269484
319959
2560429
8358678
8586602
9295658
8652291
9176215
2943098
4565647
8803864
6700263
6334102
6211938
892363
9737455
3950412
5629594
1177195
6043304
2369769
2376692
2146052
5912896
6243956
4018058
1470811
7282139
1437854
2168122
4886857
8561337
2789522
7213986
8610884
8935911
7025152
3084809
8811174
9451732
5574756
3907033
9667577
2788737
1357852
5907642
721179
2666722
3621644
2425670
9157224
4525160
1277061
7988051
4703414
7693898
9573865
3208499
4066287
534725
7370301
9958128
9313158
5052468
2087496
8404519
3084907
2534261
6537392
3588180
552062
1493981
7004455
4123931
2276856
2207789
7142609
1348603
5534213
2708312
1088444
3073067
622478
6373896
2246407
3661604
3964825
6275243
1547928
9635320
1592339
9824400
6731327
3053352
8036695
7870157
7589326
643436
1870056
6969000
3018311
587135
8394871
2581500
8964599
8187551
9158083
77587
8545956
3427008
3366783
4666044
4619251
114789
2086743
7327133
4947489
9019840
2229573
1629594
5045368
2091784
7692389
7684038
3218489
2429061
3860824
1488221
7739939
478077
2784669
7433924
8981233
6015041
7925947
5463057
2063137
8796379
1487849
9817966
5049197
4705567
9162661
7096080
6850258
3990109
8289666
3718204
3231200
3315742
4936642
7078421
737439
1336142
3426091
3264998
2117939
5887874
2837538
4124839
2606693
5207515
2946451
4576687
1372987
4706670
3543078
4747831
3039622
831125
2281723
1738941
9926239
1785911
1798465
1904424
8545773
9169091
1736884
1655978
6669272
1561084
1136699
9709628
8414666
540835
8068543
643081
5187704
7494702
1845517
31095
2972501
5299101
613344
7489911
57911
4493715
3401369
6256642
7112333
5759840
5024098
9804700
5042686
2681502
6107186
9245011
1991941
4828301
6219547
4585546
9951336
6457097
6656575
2182533
2220559
1826545
6050547
1681196
4506612
9574187
4686161
5969765
4369803
3434901
3236896
5400699
1390128
6373526
2015808
7850141
1723206
1855585
922963
7092835
9283818
4886740
6813122
8416402
5323692
5477392
5991688
1805247
3052629
7542878
1071044
4219537
6151987
695448
3466558
7776019
6807384
2923338
2917596
5924572
4034485
6311816
484677
7433222
9239670
6793573
4835442
2890802
9002655
6921301
4901697
752621
9140061
4670416
8509663
42868
2623366
6427340
292091
3961302
7284996
9881767
6363022
4385583
3865931
1216946
6260793
6137332
2923842
7064817
8453701
5007040
3207854
2344749
8489362
4001694
35890
1660936
8169051
842747
4474595
5990531
9786150
8343483
2607118
3366872
2609160
6067001
8556733
2353745
3675219
2648361
9383611
9280499
893519
5003785
5115779
280612
1979988
5802517
9595820
387686
6134186
2508500
8810170
9206437
5051636
3203378
8409400
5907238
6545248
6435375
5541559
808467
6439282
6056723
8463473
6088064
8506719
9463620
1607011
1542999
5846259
9840740
9420323
9895756
2949162
5942547
6263918
3700106
985115
8579544
165480
8885471
7247999
8257920
426734
748091
623369
825827
8851243
5258642
6585057
453023
7693337
1288856
5101935
6448099
4527383
9817207
3601893
9267316
6911284
5611099
5517661
6574872
5002591
6227709
3490329
9528593
2658952
8066344
7650767
7397661
5740379
8467797
4478049
9945330
4287096
7073127
3265273
8856626
5730244
6563387
102990
2433493
5353912
9827175
2208336
2819251
843342
5508329
9117063
1578372
8351209
362941
6107999
8418934
8572127
2973922
359166
7268579
8186495
2710135
7712202
7201745
1291714
5884070
4437133
2153867
6611178
6474902
5151802
9752459
8073574
8801473
3651830
8645888
318137
6302296
1276390
348368
7131466
6099863
2748739
571726
2661324
8391142
6014712
7698927
7152664
1450701
7152157
4534503
5369732
1602739
5176197
3203731
587220
7658973
40696
3956035
7334913
4542929
1527596
2486506
5914297
6289483
2029788
4421271
2783715
6167030
2255218
6024736
7568955
7697292
4700091
7122336
2725337
2499820
2687956
8052111
4349342
7067738
9407537
8594403
921358
6621807
4343784
625823
9418410
6215508
825795
100287
3009685
7620714
9407077
119287
9774363
8265299
9952130
7585995
6146022
1992432
4091573
7849367
5885907
3186322
2774550
7902144
527422
7316488
3421520
130631
9320227
9488875
1352999
7400166
8237294
8199348
2325221
629615
8746755
7331549
1098522
889682
1416572
4256282
4198268
9322114
3239247
6912810
9596295
2362895
6365801
2273
4820539
9844622
6859634
8054642
2009422
8396308
8592132
2064097
986085
4216294
909264
9219409
7995314
6025155
596436
7333929
9729361
9689673
3756416
8539061
3328271
3998200
6538686
8777632
7642666
3582513
8279396
94665
3102273
2443038
8450013
6621960
1718942
5124220
790639
8704741
7101754
1372641
5989044
7918883
6350306
2286558
6979781
7319468
3323201
6553244
7616394
2870797
2684288
3194796
8171524
1269154
1660063
1369885
2437611
399224
3113280
8236935
1409109
8474278
978189
4284983
7392029
5227148
7942630
8832721
1064799
5934511
6791404
5705041
7798172
5578946
2220667
6003434
7486539
4309288
7140163
9357406
1093671
9131611
7942043
3084917
3201552
8723421
5771872
839832
3493874
6430335
5777636
4788078
4284825
9634236
1559291
4371697
8910281
320935
3394957
1014585
629860
1402009
2930659
7891212
6736936
358440
6500160
2712900
9658526
5304972
4125824
3796002
7657154
832416
6190875
872572
8287713
5988988
4873999
5142864
7104301
8134389
4575484
8285244
505577
6323988
1211157
9344030
3224499
3442999
5853785
4069087
4236030
4973786
845104
6866876
4843650
5663444
1649970
5089490
5899049
1191334
5137995
735551
1788766
584446
8429454
1261415
5638309
1596687
6057771
5654366
6930916
4613361
1408418
5468378
7358027
828708
1768514
8178428
6289714
5208521
360576
6255576
7690811
3075628
2155081
1338938
3220950
2385583
973142
3547265
5398373
1091157
773280
2926557
40165
387722
4925344
3372143
7695999
3255271
4404939
913809
1704455
9678362
1747931
2526827
7584010
4224564
4915787
2952804
9351295
1545809
2205892
4643217
1919210
3600239
2768181
3579006
2649717
7251616
5806360
5038180
4886710
1733875
3598476
3566496
6220667
6177141
4124580
7773546
1878275
8346300
2882660
3076520
5784879
3753523
638008
6086300
8862977
2412522
6791406
4655433
9699361
7209032
5041464
3050044
8640133
1920797
8811166
2042660
6195083
1618185
818418
2523168
5492086
5318240
4261925
1252832
7181618
9731073
631013
2812734
3258633
84445
2972269
2176728
7719261
5643942
957830
5464717
8250027
9468133
362717
4728779
6906434
7855262
7647600
1277116
3492954
473963
9541964
4409318
9524216
9998893
1029176
5633523
5509509
3315995
8294762
8635319
5239708
9296041
9239403
5955910
8441380
4468312
5329982
8929768
1463550
8607157
4283160
7911029
6835234
5292867
9601717
3496119
1516952
798820
9999994
3769018
8288742
4963265
4644455
8908529
5562075
2042555
4908295
8440339
6418487
337844
753067
3188844
4482781
7679402
2994918
1710
9925963
1486907
393294
1026836
5769154
2779997
6492661
4902427
3209916
9076268
6337484
2660002
6625885
9938034
1933807
4985371
2273321
3815582
4791752
8478579
9903991
5198206
3760262
6620640
7458993
6384551
5807446
6167975
195696
3230379
2613071
1752499
6853007
1149891
5960461
5557692
8364648
7140383
7865648
2879538
5522605
6979512
4237328
3338278
7440048
5589346
3386963
4860095
1939607
752928
1759232
5572546
4985083
6483609
516354
6956953
80752
4580342
2441846
8712838
126662
9341377
7167987
6682271
614613
1540196
6942738
538742
5076147
7689684
6486612
1219877
1312721
5761829
7672723
9968084
4224879
6007326
9935876
7109307
4047268
8232506
3311536
925492
6119543
9757616
128540
955299
3665015
1891407
9861729
8511392
7492017
8682525
1336532
8717349
7286617
1915023
6651627
6760904
1078089
1194233
2040767
9297929
9699622
3215661
3145484
4133192
2262682
5929620
1778221
9357110
8885334
1566145
9738616
7581161
5316408
2690106
6608098
826495
810828
1274610
2650395
478087
3186471
101534
7502941
7432526
9550627
9624791
5212925
3060192
7413396
122433
8334345
9480884
997842
8143656
4745543
6563148
8597895
9661578
1962937
5476650
225487
2694892
8742704
9974720
3499454
7499194
663422
8835229
9679315
3296056
7837261
2757138
8271517
8085557
8907205
5196717
1943513
6712627
4412082
2183304
8536022
4684595
6055027
3185636
5152782
7281245
7596242
3351975
254565
3642906
6270519
3420232
7513017
529481
2395833
5644569
46695
1827524
5637055
5024078
8481513
1009267
1471868
9804608
9808532
6428960
